 -0.45 9.26 3.40 1.84 3.75 9.39 7.62 2.90 14.42 11.42 -8.72 6.21 -5.48 3.86 4.20 0.19 -6.60 2.82 10.43 4.04 7.05 15.94 6.83 5.02 7.26 0.71 6.25 4.70 6.68 9.84
 -1.03 8.18 2.99 1.37 3.40 9.16 8.33 3.07 14.58 10.88 -8.33 5.69 -4.97 3.29 4.35 0.07 -7.32 3.49 11.24 4.55 7.40 16.80 7.80 5.07 7.52 0.36 6.52 5.26 7.75 9.92
 -1.15 7.43 3.08 1.31 3.47 9.47 9.21 3.75 14.75 10.60 -7.37 5.40 -3.81 2.87 4.80 0.50 -7.82 4.22 12.33 5.17 8.06 17.90 9.05 5.29 8.00 0.07 7.10 6.10 9.07 10.08
 -0.97 7.42 3.79 1.65 3.91 10.04 10.66 4.62 15.65 11.09 -6.22 5.65 -2.68 3.39 5.49 1.42 -7.49 5.35 13.71 6.30 9.24 19.29 10.54 5.82 8.93 0.67 8.08 7.38 10.59 11.10
 -0.79 7.41 4.71 2.01 4.24 10.81 12.38 5.50 16.67 11.62 -4.67 5.98 -1.35 4.12 6.27 2.45 -7.15 6.49 15.39 7.58 10.56 21.09 12.24 6.26 9.98 1.09 8.75 8.57 12.43 12.16
 0.16 8.26 6.09 2.88 5.14 11.78 14.21 6.84 17.78 12.56 -2.59 6.78 0.53 5.44 7.43 4.02 -5.66 7.75 17.10 9.14 11.96 22.63 14.03 7.04 11.26 2.32 9.98 10.18 14.31 13.71
 0.79 8.79 7.66 3.75 5.93 12.87 16.21 7.78 18.83 13.65 -0.44 7.60 2.16 7.07 8.53 5.61 -4.24 8.93 18.74 10.82 13.54 24.34 15.78 7.64 12.48 3.39 10.92 11.58 16.33 15.25
 2.35 10.28 9.82 5.35 7.38 14.45 18.74 9.51 20.62 15.47 2.53 9.05 4.66 9.38 10.29 7.82 -1.92 10.58 20.93 13.14 15.59 26.34 18.17 8.79 14.28 5.32 12.58 13.62 18.83 17.54
 3.02 11.04 11.38 6.29 8.02 15.35 20.80 10.34 21.75 16.68 4.72 9.95 6.28 11.41 11.27 9.42 -0.25 11.43 22.32 14.72 16.88 27.83 19.65 9.00 15.31 6.35 13.39 14.93 20.57 19.02
 4.07 12.24 13.27 7.56 8.97 16.60 22.96 11.58 23.23 18.18 7.14 11.16 8.20 13.57 12.55 11.26 1.91 12.63 23.81 16.53 18.30 29.33 21.41 9.49 16.54 7.85 14.34 16.38 22.38 20.82
 5.31 13.42 15.17 9.01 10.00 17.70 25.01 12.66 24.69 19.73 9.71 12.46 10.15 16.05 13.79 13.14 4.31 13.77 25.13 18.10 19.78 30.57 22.90 10.03 17.70 9.33 15.26 17.71 24.14 22.38
 6.44 14.10 16.48 10.10 10.80 18.40 26.38 13.44 25.44 20.74 11.85 13.24 11.58 17.81 14.85 14.52 6.12 14.16 25.86 19.35 20.49 31.08 23.93 10.10 18.43 10.38 15.89 18.70 25.28 23.35
 7.73 15.15 18.24 11.75 11.74 19.45 28.33 14.44 27.10 22.41 14.05 14.66 13.25 20.24 16.12 16.16 8.22 15.15 26.96 20.76 21.86 32.10 25.23 10.47 19.34 11.77 16.72 19.79 26.66 24.59
 9.01 16.12 19.81 13.38 12.55 20.39 30.00 15.48 28.57 23.77 16.09 16.01 14.73 22.47 17.30 17.66 10.29 15.89 27.75 22.00 22.83 32.94 26.31 10.66 20.28 12.99 17.34 20.75 27.80 25.69
 10.03 16.50 20.75 14.66 13.12 20.89 30.92 15.90 29.44 24.68 17.59 16.86 15.70 23.97 18.13 18.59 11.54 16.27 27.94 22.75 23.48 33.02 26.79 10.71 20.53 13.86 17.94 21.19 28.45 26.09
 10.98 16.59 21.40 15.87 13.48 21.12 31.54 16.37 29.82 25.29 18.83 17.43 16.50 25.26 18.76 19.26 12.65 16.38 27.89 23.13 23.73 32.89 27.05 10.65 20.56 14.29 17.86 21.42 28.77 26.16
 11.52 16.53 21.98 16.73 13.56 21.19 32.02 16.50 30.47 25.76 19.68 17.91 16.83 26.33 19.17 19.72 13.21 16.44 27.54 23.44 23.86 32.77 27.15 10.44 20.44 14.75 17.98 21.47 28.85 26.02
 12.32 16.46 22.63 17.78 13.83 21.38 32.81 16.82 31.16 26.51 20.71 18.58 17.24 27.64 19.77 20.10 13.90 16.92 27.74 23.99 24.41 33.02 27.47 10.66 20.64 15.25 18.24 21.74 29.42 26.26
 12.24 15.45 22.18 17.92 13.33 20.59 31.91 16.28 30.45 25.76 20.71 18.20 16.95 27.60 19.28 19.60 13.45 16.17 26.36 23.20 23.69 31.71 26.59 10.03 19.56 14.85 17.48 20.93 28.38 25.05
 13.43 15.77 22.96 19.07 14.00 21.15 32.51 16.91 31.10 26.67 21.83 19.05 17.69 28.84 20.11 20.16 14.29 17.11 26.54 23.92 24.39 32.24 27.03 10.76 20.05 15.69 18.14 21.46 28.91 25.49
 12.90 14.29 22.30 18.57 13.07 20.12 31.50 15.97 30.13 25.82 21.44 18.24 16.89 28.65 19.24 19.16 13.40 16.39 25.16 23.09 23.52 31.08 25.99 9.90 18.73 14.77 17.23 20.37 28.01 24.11
 12.61 13.11 22.08 18.39 12.56 19.59 30.97 15.32 29.71 25.60 21.29 17.87 16.36 28.67 18.77 18.48 12.83 16.32 24.10 22.76 23.24 30.63 25.33 9.72 18.15 14.36 16.74 19.71 27.56 23.33
 12.74 12.42 21.63 18.42 12.35 19.27 29.77 15.08 28.73 24.78 21.13 17.29 16.18 28.19 18.29 17.91 12.36 16.06 22.92 21.99 22.62 29.64 24.52 9.57 17.30 13.99 16.32 18.92 26.52 22.24
 12.16 10.92 21.07 17.73 11.67 18.42 28.70 14.07 27.69 24.10 20.62 16.50 15.37 27.73 17.49 16.86 11.62 15.62 21.58 21.34 22.00 28.77 23.59 9.24 16.41 13.21 15.67 17.99 25.87 21.13
 12.10 9.92 20.86 17.40 11.39 18.10 27.94 13.61 27.06 23.74 20.48 15.98 15.00 27.59 16.96 16.32 11.21 15.56 20.67 20.94 21.60 28.33 23.10 9.11 15.76 12.83 15.34 17.25 25.38 20.31
 11.89 8.89 20.57 17.06 11.14 17.70 26.94 13.06 25.99 23.16 20.44 15.32 14.73 27.04 16.35 15.64 10.87 15.41 19.44 20.31 21.16 27.57 22.38 9.16 15.07 12.36 14.88 16.41 24.72 19.34
 11.13 7.42 19.68 16.15 10.38 16.78 25.18 12.01 24.37 21.96 19.45 14.19 13.61 25.76 15.10 14.31 9.94 14.77 17.77 19.02 20.08 26.34 21.11 8.60 13.83 11.24 13.95 14.98 23.48 17.76
 10.72 6.51 19.43 15.74 10.30 16.37 24.41 11.37 23.57 21.65 19.23 13.67 13.11 25.41 14.61 13.62 9.62 14.74 16.92 18.65 19.76 25.96 20.57 8.55 13.35 10.81 13.76 14.26 23.17 16.96
 9.43 4.87 18.29 14.28 9.20 15.18 22.62 9.89 21.86 20.23 17.82 12.23 11.62 23.85 12.98 12.06 8.40 13.76 15.03 17.05 18.44 24.60 18.94 7.57 11.85 9.37 12.40 12.44 21.63 15.20
 8.87 3.78 18.11 13.74 9.02 14.65 21.76 9.13 20.90 19.95 17.63 11.57 10.84 23.39 12.40 11.33 8.06 13.66 14.13 16.68 18.20 24.24 18.41 7.52 11.27 8.69 12.26 11.64 21.37 14.32
 8.29 2.87 17.57 13.10 8.72 14.10 20.47 8.36 19.54 19.01 16.89 10.71 10.04 22.32 11.50 10.33 7.35 13.09 12.81 15.78 17.40 23.26 17.50 7.28 10.33 7.92 11.82 10.50 20.52 13.13
 7.74 2.06 17.29 12.68 8.62 13.70 19.35 7.67 18.32 18.45 16.53 10.07 9.27 21.60 10.80 9.74 6.98 12.86 11.58 15.07 16.94 22.39 16.71 7.03 9.49 7.29 11.40 9.58 19.85 12.09
 6.94 1.09 16.70 11.99 8.21 12.92 18.30 6.81 17.14 17.76 15.80 9.14 8.31 20.68 9.91 8.74 6.22 12.43 10.45 14.31 16.37 21.56 15.90 6.64 8.49 6.27 10.88 8.51 19.12 10.92
 5.93 0.09 15.96 11.09 7.75 12.05 17.10 5.81 15.75 16.86 14.87 8.23 7.06 19.66 8.95 7.67 5.40 11.82 9.24 13.47 15.53 20.55 14.82 6.08 7.50 5.32 10.38 7.37 18.18 9.70
 5.42 -0.42 15.78 10.62 7.80 11.70 16.56 5.30 15.04 16.70 14.55 7.73 6.28 19.32 8.53 7.19 5.01 11.78 8.54 13.21 15.35 20.02 14.47 6.01 7.05 4.72 10.49 6.93 18.01 9.07
 4.40 -1.10 14.86 9.62 7.26 10.80 15.06 4.25 13.50 15.63 13.39 6.73 5.13 17.90 7.53 6.11 4.14 10.92 7.28 12.19 14.32 18.59 13.23 5.37 5.95 3.68 9.88 5.82 16.80 7.82
 3.77 -1.67 14.58 9.21 7.15 10.27 14.63 3.62 12.93 15.39 13.00 6.30 4.20 17.64 7.06 5.52 3.65 10.86 6.75 11.96 14.02 18.10 12.71 5.05 5.38 3.06 9.82 5.24 16.56 7.20
 3.33 -1.80 13.94 8.56 7.03 9.75 13.77 3.20 12.03 14.84 12.23 5.87 3.45 16.72 6.72 5.08 3.24 10.56 6.24 11.51 13.54 17.23 12.02 4.90 4.99 2.58 9.96 4.93 15.93 6.65
 2.89 -2.03 13.60 8.09 6.99 9.36 13.29 2.75 11.52 14.57 11.78 5.49 2.71 16.27 6.33 4.64 2.87 10.44 5.81 11.17 13.24 16.65 11.51 4.60 4.68 2.08 10.11 4.52 15.51 6.16
 2.63 -2.10 12.98 7.61 7.04 8.87 12.66 2.34 10.76 14.08 11.23 5.07 2.13 15.57 6.13 4.26 2.68 10.15 5.40 10.88 12.68 15.61 10.89 4.47 4.33 1.76 10.25 4.32 14.80 5.65
 2.11 -2.18 12.55 7.06 6.93 8.57 12.47 1.99 10.61 14.07 10.63 4.78 1.30 15.16 5.96 3.92 2.33 10.12 5.49 10.77 12.52 15.44 10.63 4.27 4.44 1.40 10.57 4.28 14.71 5.49
 1.80 -2.44 12.14 6.49 6.81 8.07 12.27 1.54 10.38 13.95 10.14 4.48 0.69 14.82 5.77 3.64 2.09 9.96 5.38 10.52 12.06 14.99 10.16 3.91 4.34 0.99 10.89 4.17 14.28 5.19
 1.67 -2.36 11.66 6.11 6.73 7.74 12.07 1.45 10.15 13.75 9.76 4.36 0.28 14.26 5.85 3.45 1.97 9.90 5.54 10.48 11.80 14.45 9.96 3.75 4.50 0.91 11.34 4.18 13.97 5.04
 1.79 -2.03 11.44 5.88 6.92 7.62 12.11 1.41 10.14 13.72 9.44 4.39 0.07 13.98 5.99 3.51 2.21 9.98 5.89 10.45 11.48 14.22 9.62 3.76 4.94 0.99 11.80 4.42 13.73 5.15
 1.74 -1.73 11.32 5.66 7.07 7.58 12.58 1.35 10.59 14.08 9.24 4.60 -0.20 13.90 6.36 3.59 2.37 10.16 6.52 10.86 11.59 14.52 9.70 3.87 5.75 1.17 12.79 4.88 14.02 5.54
 1.44 -1.97 10.93 5.03 6.88 7.20 12.76 0.95 10.76 14.28 8.67 4.51 -0.85 13.70 6.51 3.24 2.21 10.16 7.01 10.90 11.32 14.66 9.50 3.65 6.21 1.00 13.36 5.10 14.03 5.69
 1.98 -1.32 11.12 5.11 7.34 7.43 13.38 1.30 11.40 14.71 8.79 5.09 -0.51 13.80 7.23 3.63 2.94 10.60 8.01 11.47 11.59 15.05 9.79 4.17 7.35 1.73 14.32 5.95 14.52 6.40
 2.20 -0.88 11.33 5.06 7.61 7.61 14.25 1.54 12.25 15.38 8.84 5.56 -0.54 14.01 7.88 3.88 3.49 10.92 9.12 12.18 11.80 15.70 10.18 4.50 8.57 2.25 15.48 6.73 15.23 7.17
 2.54 -0.46 11.38 5.05 7.91 7.57 14.93 1.68 12.92 15.93 8.96 6.09 -0.38 14.20 8.74 4.11 4.03 11.29 10.37 12.80 11.99 16.27 10.50 4.93 9.79 2.91 16.45 7.58 15.94 7.91
 2.60 -0.23 11.57 4.82 7.98 7.68 15.97 1.71 13.84 16.58 9.09 6.60 -0.46 14.49 9.41 4.20 4.47 11.50 11.59 13.48 12.29 17.02 10.93 5.21 11.01 3.45 17.28 8.39 17.03 8.82
 3.59 0.91 12.29 5.43 8.85 8.35 17.33 2.56 15.29 17.89 9.87 7.88 0.38 15.42 10.93 5.10 5.82 12.38 13.54 14.84 13.10 18.23 11.85 6.59 13.03 4.90 18.96 9.90 18.60 10.34
 4.63 2.04 13.16 6.04 9.82 9.08 18.63 3.36 16.52 18.92 10.76 9.06 1.34 16.38 12.40 5.95 7.17 13.32 15.37 16.22 14.01 19.40 12.86 7.94 14.92 6.36 20.45 11.44 20.19 11.84
 5.43 3.02 14.19 6.57 10.75 9.75 20.46 4.16 18.30 20.61 11.80 10.48 2.00 17.66 14.14 6.79 8.49 14.33 17.88 17.95 15.20 21.14 14.23 9.35 17.13 7.93 22.10 13.23 22.51 13.67
 6.76 4.36 15.68 7.61 12.13 10.85 22.55 5.20 20.35 22.53 13.41 12.30 3.28 19.59 16.33 8.09 10.38 15.90 20.62 20.16 16.86 23.07 15.95 11.37 19.71 9.96 24.20 15.36 25.14 15.97
 7.62 5.51 16.79 8.08 13.13 11.58 24.42 5.94 22.08 24.01 14.64 13.86 4.10 21.15 18.24 8.93 11.88 17.01 23.26 21.99 18.15 24.86 17.52 13.01 21.83 11.71 25.75 17.19 27.75 18.05
 9.11 7.47 18.25 9.43 14.68 12.81 26.33 7.40 23.95 25.66 16.29 15.87 5.71 23.15 20.32 10.43 14.02 18.68 25.88 24.08 19.81 26.70 19.24 15.17 24.19 13.90 27.45 19.39 30.14 20.30
 10.45 9.12 20.29 10.64 16.37 14.19 29.13 8.60 26.53 28.16 18.31 18.15 6.98 25.99 22.95 12.06 16.33 20.73 29.25 26.83 22.11 29.58 21.47 17.68 27.08 16.29 29.79 21.87 33.75 23.16
 13.22 12.44 23.37 13.24 19.33 16.82 32.75 11.44 29.93 31.33 21.75 21.61 10.03 29.67 26.65 15.04 19.85 23.84 33.51 30.40 25.43 33.12 24.96 21.32 30.64 19.90 32.66 25.52 37.84 27.11
 15.13 14.78 25.51 14.99 21.49 18.67 35.33 13.36 32.50 33.76 24.20 24.21 11.95 32.54 29.56 17.15 22.43 26.32 36.94 33.35 28.05 35.86 27.63 24.31 33.35 22.66 34.95 28.28 41.27 30.11
 17.24 17.64 28.19 17.16 23.97 20.88 38.86 15.53 35.74 36.84 27.22 27.41 14.21 36.34 32.80 19.68 25.71 29.35 40.94 36.68 31.37 39.52 30.84 27.56 36.61 25.86 37.54 31.50 45.33 33.74
 18.97 19.99 30.38 19.10 26.14 22.73 41.55 17.47 38.27 39.12 29.81 29.91 16.30 39.37 35.45 22.08 28.31 31.76 44.13 39.40 33.97 42.42 33.51 30.18 38.95 28.43 39.39 34.12 48.48 36.63
 21.80 23.50 33.47 21.89 29.15 25.46 45.11 20.47 41.71 42.38 33.39 33.66 19.31 43.30 38.97 25.29 32.04 35.29 48.02 43.02 37.66 46.04 37.09 33.73 42.16 32.00 41.95 37.51 52.27 40.42
 25.40 28.10 37.61 25.88 33.02 29.40 49.66 24.61 46.36 46.59 37.47 38.26 23.26 48.25 43.15 29.76 36.46 39.88 52.68 47.44 42.28 50.93 41.69 38.12 46.25 36.28 45.33 41.77 56.83 45.19
 28.45 31.68 41.03 29.26 36.16 32.61 53.37 28.03 49.98 50.08 41.22 42.18 26.75 52.43 46.63 33.62 40.35 43.74 56.29 51.07 46.18 54.69 45.49 41.53 49.35 39.81 47.89 45.20 60.49 48.91
 30.51 34.48 43.20 31.78 38.27 34.97 55.51 30.79 52.22 52.08 43.48 44.81 29.34 54.79 48.56 36.48 43.01 46.30 58.26 53.17 48.68 56.92 47.80 43.71 51.14 42.10 48.92 47.16 62.21 51.32
 34.44 39.14 47.58 36.19 42.20 39.33 60.19 35.49 57.06 56.55 47.80 49.82 33.74 59.86 52.63 41.44 47.69 51.23 62.78 57.67 53.63 61.92 52.61 47.80 55.14 46.38 52.30 51.51 66.64 56.00
 35.36 40.40 48.47 37.52 42.89 40.28 60.80 37.23 57.81 57.12 48.68 51.23 35.12 60.73 52.92 43.13 49.03 52.41 62.86 58.27 54.59 62.34 53.49 48.29 55.49 47.21 51.83 52.08 66.60 56.66
 39.77 45.35 53.05 42.43 46.93 45.15 65.44 42.49 62.71 61.61 52.88 56.30 39.87 65.60 56.77 48.30 53.71 57.53 66.85 62.51 59.48 67.14 58.21 52.23 59.47 51.42 55.12 56.32 70.39 61.21
 42.73 48.57 55.71 45.70 49.26 48.16 67.61 46.34 65.22 63.83 55.21 59.41 43.26 67.74 58.45 51.96 56.50 60.47 68.38 64.46 62.06 69.25 60.73 54.31 61.41 53.93 56.24 58.42 71.48 63.53
 44.86 50.73 57.65 48.17 50.68 50.40 68.98 49.31 66.89 65.35 56.70 61.78 45.54 69.26 59.24 54.51 58.62 62.54 69.07 65.59 63.77 70.58 62.41 55.44 62.57 55.53 56.66 59.88 71.88 64.94
 48.21 54.29 60.84 51.87 53.23 53.83 71.90 53.63 70.23 68.20 59.43 65.33 49.14 72.06 61.29 58.42 61.83 66.06 71.14 67.89 66.90 73.39 65.41 57.71 65.19 58.38 58.24 62.47 73.43 67.70
 50.45 56.43 62.82 54.42 54.52 56.06 73.31 56.71 71.95 69.64 60.74 67.51 51.61 73.40 61.82 60.95 63.79 68.13 71.68 68.80 68.46 74.60 66.98 58.65 66.16 59.93 58.53 63.90 73.38 68.90
 51.63 57.49 63.66 55.79 54.55 57.19 73.67 58.53 72.81 70.10 60.98 68.60 52.66 73.51 61.21 62.28 64.49 69.02 71.26 68.43 68.98 74.80 67.50 58.49 66.50 60.34 57.97 64.11 72.39 69.02
 55.26 61.13 66.72 59.46 56.99 60.55 76.09 62.59 75.60 72.55 63.40 71.76 56.17 75.75 62.75 65.91 67.52 72.06 72.98 70.26 71.45 76.97 69.84 60.68 68.73 63.07 59.41 66.65 73.23 71.42
 54.33 59.98 65.37 58.61 54.89 59.35 74.18 61.89 74.16 70.53 61.34 70.26 55.18 73.57 59.95 64.77 65.97 70.47 70.17 67.55 69.44 74.80 67.89 58.23 66.77 61.28 56.74 64.55 69.66 69.08
 56.66 62.63 67.49 61.13 56.06 61.57 75.58 64.52 76.15 72.16 62.65 72.29 57.37 74.81 60.43 67.13 67.88 72.47 70.99 68.42 70.85 76.10 69.13 59.36 68.14 63.05 57.28 66.07 69.47 70.52
 56.33 62.37 66.78 60.80 54.47 60.96 74.36 63.99 75.38 70.73 60.92 71.30 56.72 73.40 58.11 66.44 67.20 71.49 68.90 66.11 69.31 74.47 67.43 57.55 66.80 62.00 55.27 64.50 66.43 68.77
 57.63 64.02 67.97 62.40 54.83 62.26 74.83 65.32 76.36 71.30 61.23 72.06 57.92 73.65 57.74 67.64 68.06 72.36 68.83 65.94 69.57 74.73 67.61 57.80 67.34 62.76 55.08 64.96 65.34 69.12
 54.46 61.31 64.84 59.44 50.82 59.06 71.12 61.77 73.17 67.58 57.12 68.49 54.51 69.92 53.22 64.14 64.73 68.82 64.65 61.38 65.51 70.86 63.29 53.76 63.62 59.21 50.99 60.96 60.25 65.06
 53.03 60.61 63.41 58.27 48.69 57.77 69.02 59.95 71.54 65.49 54.50 66.53 53.00 67.77 50.53 62.54 63.04 66.85 61.84 58.49 63.23 68.47 60.68 51.29 61.55 57.41 48.35 58.61 56.70 62.84
 53.28 61.58 63.63 58.68 48.26 58.00 68.57 59.61 71.67 65.04 53.74 66.15 53.03 67.43 49.60 62.48 63.08 66.58 60.94 57.55 62.45 67.79 59.63 50.75 61.14 57.46 47.95 57.99 55.04 62.20
 52.30 61.30 62.66 57.79 47.04 57.10 66.89 58.00 70.23 63.44 51.87 64.53 52.04 65.79 48.05 61.12 61.96 65.08 58.88 55.36 60.58 65.91 57.50 49.32 59.80 56.31 46.61 56.20 52.59 60.62
 48.59 58.65 59.12 54.37 43.26 53.70 62.59 53.68 66.56 59.30 47.21 60.39 48.20 61.81 43.83 57.26 58.28 61.07 54.32 50.81 56.25 61.47 52.75 45.25 55.76 52.67 42.83 51.86 47.65 56.45
 46.27 57.34 56.90 52.11 40.79 51.60 59.71 50.54 63.82 56.52 44.01 57.54 45.80 59.11 41.12 54.69 56.02 58.33 51.05 47.47 53.21 58.43 49.24 42.68 53.22 50.20 40.27 48.75 44.29 53.70
 43.15 55.44 54.01 49.11 37.67 48.90 56.29 46.57 61.09 53.13 39.89 54.34 42.59 56.20 37.84 51.55 53.10 55.14 47.35 43.80 49.74 54.98 45.19 39.17 50.04 47.27 37.25 45.09 40.49 50.45
 40.33 53.79 51.13 46.20 35.16 46.42 52.83 42.96 57.99 49.80 36.04 51.18 39.59 53.27 35.06 48.42 50.30 51.96 43.84 40.27 46.47 51.69 41.41 36.34 47.13 44.52 34.74 41.59 37.13 47.37
 35.73 50.10 46.44 41.31 30.82 41.99 47.48 37.43 53.25 44.77 30.53 46.29 34.68 48.69 30.60 43.63 45.53 47.18 38.55 35.21 41.65 46.62 35.84 31.81 42.28 40.01 30.55 36.53 32.25 42.51
 32.05 47.30 42.51 37.28 27.72 38.59 43.04 32.82 49.15 40.65 26.03 42.25 30.80 44.96 27.45 39.42 41.63 43.15 34.49 31.27 37.74 42.60 31.46 28.49 38.58 36.31 27.73 32.45 28.93 38.69
 28.76 44.68 38.94 33.61 25.04 35.52 38.97 28.91 45.59 36.89 21.82 38.88 27.32 41.70 24.74 35.91 38.01 39.78 31.06 28.00 34.51 39.16 27.52 25.57 35.34 33.17 25.18 28.99 25.93 35.35
 24.84 41.28 34.57 29.37 21.94 31.87 34.23 24.33 41.24 32.48 17.19 34.76 23.29 37.70 21.60 31.62 33.61 35.68 27.04 24.13 30.73 35.13 23.23 22.32 31.34 29.20 22.28 25.00 22.57 31.43
 19.91 36.57 29.18 23.97 17.84 27.09 28.65 18.87 36.12 27.34 11.61 29.82 18.17 32.93 17.60 26.45 28.08 30.64 22.41 19.68 26.14 30.53 18.13 18.03 26.56 24.25 18.48 20.29 18.71 26.66
 16.66 33.37 25.31 20.49 15.55 24.12 24.55 15.45 32.40 23.68 7.81 26.50 14.93 29.38 15.47 22.73 23.89 27.31 19.75 16.89 23.23 27.59 14.89 15.76 23.36 20.97 16.55 17.34 16.43 23.56
 12.39 29.07 20.57 15.89 12.21 20.16 19.80 11.16 27.85 19.23 2.97 22.51 10.86 25.19 12.36 18.35 18.80 23.12 16.26 13.51 19.62 24.03 11.04 12.42 19.28 16.67 13.55 13.60 13.48 19.70
 9.41 25.52 16.85 12.70 10.24 17.44 16.22 8.17 24.53 16.23 -0.15 19.61 8.11 22.01 10.74 15.05 14.69 20.08 14.24 11.37 17.12 21.73 8.48 10.45 16.51 13.60 12.13 11.37 11.86 17.13
 6.28 21.61 13.17 9.33 7.96 14.44 12.58 5.31 20.88 12.77 -3.64 16.68 5.09 18.46 8.61 11.69 10.43 16.90 11.96 9.08 14.63 19.32 6.10 8.22 13.48 10.08 10.00 8.77 9.76 14.03
 2.97 17.31 9.16 5.73 5.57 11.44 9.11 2.54 17.63 9.73 -6.72 13.55 2.35 14.90 6.82 8.29 6.05 13.63 10.11 7.10 12.07 17.12 3.84 5.91 10.63 6.89 8.40 6.57 8.24 11.42
 0.73 13.89 6.50 3.46 4.35 9.54 6.77 0.88 14.76 7.31 -8.59 11.49 0.72 12.07 5.84 6.07 2.68 11.34 9.43 5.95 10.70 15.89 2.92 4.86 8.55 4.38 7.43 5.15 7.48 9.55
 -1.31 10.61 4.07 1.17 3.06 7.64 4.93 -0.52 12.98 5.84 -10.29 9.75 -0.90 9.85 5.12 4.08 -0.10 9.40 9.16 5.30 9.61 15.16 2.34 3.78 7.12 2.50 6.92 4.32 7.08 8.24
 -2.92 7.77 2.32 -0.48 2.31 6.44 3.57 -1.40 11.18 4.39 -11.23 8.55 -1.81 7.80 4.77 2.71 -2.45 8.17 9.36 4.92 8.92 14.96 2.20 3.16 6.01 0.76 6.50 3.78 7.18 7.21
 -3.92 5.40 1.20 -1.61 1.75 5.54 2.91 -1.73 10.42 3.89 -11.51 7.74 -2.35 6.37 4.64 1.84 -3.98 7.16 9.89 5.01 8.63 14.97 2.70 2.78 5.58 -0.17 6.60 3.86 7.47 6.85
 -4.88 3.32 0.34 -2.56 1.44 4.92 2.58 -1.82 9.75 3.46 -11.62 7.23 -2.57 5.18 4.78 1.25 -5.20 6.49 10.80 5.25 8.67 15.44 3.41 2.61 5.30 -1.07 6.81 4.00 8.12 6.60
